Name:				001_n020_m200_bt3
Problem:			3L-VRPTW
Number_of_used_Vehicles:	4
Total_Travel_Distance:		437.989
Calculation_Time:		3.0276
Total_Iterations:		8485
ConstraintSet:			1

-------------------------------------------------------------------------------------------------------------------
Tour_Id:			1
No_of_Customers:		4
No_of_Items:			43
Customer_Sequence:		13 1 19 15 

CustId	Id	TypeId	Rotated	x	y	z	Length	Width	Height	mass	Fragility	LoadBearingStrength
15	137	2	0	0	0	0	11	6	8	229.82	0		17.177498
15	138	2	0	0	6	0	11	6	8	229.82	0		17.177498
15	139	2	0	0	12	0	11	6	8	229.82	0		17.177498
15	140	2	0	0	18	0	11	6	8	229.82	0		17.177498
15	141	2	0	0	0	8	11	6	8	229.82	0		17.177498
15	142	2	0	0	6	8	11	6	8	229.82	0		17.177498
15	135	1	0	0	12	8	10	6	3	62.92	0		4.402540
15	136	1	0	0	18	8	10	6	3	62.92	0		4.402540
15	143	3	1	0	0	16	15	5	3	106.48	1		2.209744
19	183	2	0	0	15	11	11	6	8	229.82	0		17.177498
19	184	2	0	0	15	19	11	6	8	229.82	0		17.177498
19	178	1	0	0	15	27	10	6	3	62.92	0		4.402540
19	179	1	1	5	0	16	10	6	3	62.92	0		4.402540
19	180	1	1	5	0	19	10	6	3	62.92	0		4.402540
19	181	1	1	5	0	22	10	6	3	62.92	0		4.402540
19	182	1	1	5	0	25	10	6	3	62.92	0		4.402540
19	185	3	1	0	0	19	15	5	3	106.48	1		2.209744
19	186	3	1	0	0	22	15	5	3	106.48	1		2.209744
19	187	3	1	0	0	25	15	5	3	106.48	1		2.209744
19	188	3	0	11	0	0	15	5	3	106.48	1		2.209744
1	5	2	0	11	5	0	11	6	8	229.82	0		17.177498
1	6	2	0	11	11	0	11	6	8	229.82	0		17.177498
1	7	2	0	11	17	0	11	6	8	229.82	0		17.177498
1	8	2	0	11	5	8	11	6	8	229.82	0		17.177498
1	9	2	0	11	11	8	11	6	8	229.82	0		17.177498
1	10	2	0	11	17	8	11	6	8	229.82	0		17.177498
1	11	2	0	11	5	16	11	6	8	229.82	0		17.177498
1	1	1	0	11	11	16	10	6	3	62.92	0		4.402540
1	2	1	0	11	17	16	10	6	3	62.92	0		4.402540
1	3	1	0	11	11	19	10	6	3	62.92	0		4.402540
1	4	1	0	11	17	19	10	6	3	62.92	0		4.402540
1	12	3	0	11	0	3	15	5	3	106.48	1		2.209744
1	13	3	0	11	0	6	15	5	3	106.48	1		2.209744
13	119	2	0	11	11	22	11	6	8	229.82	0		17.177498
13	120	2	0	11	17	22	11	6	8	229.82	0		17.177498
13	121	2	0	22	5	0	11	6	8	229.82	0		17.177498
13	122	2	0	22	11	0	11	6	8	229.82	0		17.177498
13	116	1	0	11	5	24	10	6	3	62.92	0		4.402540
13	117	1	0	11	5	27	10	6	3	62.92	0		4.402540
13	118	1	0	22	17	0	10	6	3	62.92	0		4.402540
13	123	3	0	11	0	9	15	5	3	106.48	1		2.209744
13	124	3	0	11	0	12	15	5	3	106.48	1		2.209744
13	125	3	0	11	0	15	15	5	3	106.48	1		2.209744


-------------------------------------------------------------------------------------------------------------------
Tour_Id:			2
No_of_Customers:		5
No_of_Items:			53
Customer_Sequence:		10 7 11 2 18 

CustId	Id	TypeId	Rotated	x	y	z	Length	Width	Height	mass	Fragility	LoadBearingStrength
18	172	2	0	0	0	0	11	6	8	229.82	0		17.177498
18	173	2	0	0	6	0	11	6	8	229.82	0		17.177498
18	174	2	0	0	12	0	11	6	8	229.82	0		17.177498
18	168	1	0	0	18	0	10	6	3	62.92	0		4.402540
18	169	1	0	0	18	3	10	6	3	62.92	0		4.402540
18	170	1	0	0	18	6	10	6	3	62.92	0		4.402540
18	171	1	0	0	0	8	10	6	3	62.92	0		4.402540
18	175	3	0	10	18	0	15	5	3	106.48	1		2.209744
18	176	3	0	10	18	3	15	5	3	106.48	1		2.209744
18	177	3	0	10	18	6	15	5	3	106.48	1		2.209744
2	16	2	0	0	6	8	11	6	8	229.82	0		17.177498
2	17	2	0	0	12	8	11	6	8	229.82	0		17.177498
2	18	2	0	0	0	11	11	6	8	229.82	0		17.177498
2	14	1	0	0	18	9	10	6	3	62.92	0		4.402540
2	15	1	0	0	18	12	10	6	3	62.92	0		4.402540
2	19	3	1	0	6	16	15	5	3	106.48	1		2.209744
2	20	3	1	0	0	19	15	5	3	106.48	1		2.209744
11	98	2	1	5	6	16	11	6	8	229.82	0		17.177498
11	99	2	0	11	0	0	11	6	8	229.82	0		17.177498
11	100	2	0	11	6	0	11	6	8	229.82	0		17.177498
11	101	2	0	11	12	0	11	6	8	229.82	0		17.177498
11	102	2	0	11	0	8	11	6	8	229.82	0		17.177498
11	103	2	0	11	6	8	11	6	8	229.82	0		17.177498
11	104	2	0	11	12	8	11	6	8	229.82	0		17.177498
11	105	2	0	11	0	16	11	6	8	229.82	0		17.177498
11	93	1	1	5	6	24	10	6	3	62.92	0		4.402540
11	94	1	1	5	6	27	10	6	3	62.92	0		4.402540
11	95	1	0	11	6	16	10	6	3	62.92	0		4.402540
11	96	1	0	11	12	16	10	6	3	62.92	0		4.402540
11	97	1	0	11	6	19	10	6	3	62.92	0		4.402540
11	106	3	1	0	0	22	15	5	3	106.48	1		2.209744
11	107	3	1	0	0	25	15	5	3	106.48	1		2.209744
7	58	2	0	11	12	19	11	6	8	229.82	0		17.177498
7	59	2	0	11	6	22	11	6	8	229.82	0		17.177498
7	53	1	0	11	0	24	10	6	3	62.92	0		4.402540
7	54	1	0	11	0	27	10	6	3	62.92	0		4.402540
7	55	1	0	11	12	27	10	6	3	62.92	0		4.402540
7	56	1	0	22	0	0	10	6	3	62.92	0		4.402540
7	57	1	0	22	6	0	10	6	3	62.92	0		4.402540
7	60	3	0	10	18	9	15	5	3	106.48	1		2.209744
7	61	3	0	10	18	12	15	5	3	106.48	1		2.209744
7	62	3	0	5	18	15	15	5	3	106.48	1		2.209744
10	88	2	0	22	12	0	11	6	8	229.82	0		17.177498
10	89	2	0	22	0	3	11	6	8	229.82	0		17.177498
10	90	2	0	22	6	3	11	6	8	229.82	0		17.177498
10	91	2	0	22	12	8	11	6	8	229.82	0		17.177498
10	82	1	0	22	0	11	10	6	3	62.92	0		4.402540
10	83	1	0	22	6	11	10	6	3	62.92	0		4.402540
10	84	1	0	22	0	14	10	6	3	62.92	0		4.402540
10	85	1	0	22	6	14	10	6	3	62.92	0		4.402540
10	86	1	0	22	12	16	10	6	3	62.92	0		4.402540
10	87	1	0	22	0	17	10	6	3	62.92	0		4.402540
10	92	3	0	5	18	18	15	5	3	106.48	1		2.209744


-------------------------------------------------------------------------------------------------------------------
Tour_Id:			3
No_of_Customers:		6
No_of_Items:			55
Customer_Sequence:		14 6 12 8 3 20 

CustId	Id	TypeId	Rotated	x	y	z	Length	Width	Height	mass	Fragility	LoadBearingStrength
20	192	2	0	0	0	0	11	6	8	229.82	0		17.177498
20	193	2	0	0	6	0	11	6	8	229.82	0		17.177498
20	194	2	0	0	12	0	11	6	8	229.82	0		17.177498
20	189	1	0	0	18	0	10	6	3	62.92	0		4.402540
20	190	1	0	0	18	3	10	6	3	62.92	0		4.402540
20	191	1	0	0	18	6	10	6	3	62.92	0		4.402540
20	195	3	1	0	0	8	15	5	3	106.48	1		2.209744
20	196	3	1	0	0	11	15	5	3	106.48	1		2.209744
20	197	3	1	0	0	14	15	5	3	106.48	1		2.209744
20	198	3	1	0	0	17	15	5	3	106.48	1		2.209744
20	199	3	1	0	0	20	15	5	3	106.48	1		2.209744
20	200	3	1	0	0	23	15	5	3	106.48	1		2.209744
3	23	2	0	0	18	9	11	6	8	229.82	0		17.177498
3	21	1	0	0	18	17	10	6	3	62.92	0		4.402540
3	22	1	0	0	18	20	10	6	3	62.92	0		4.402540
3	24	3	1	0	0	26	15	5	3	106.48	1		2.209744
3	25	3	1	5	0	8	15	5	3	106.48	1		2.209744
8	68	2	0	11	0	0	11	6	8	229.82	0		17.177498
8	69	2	0	10	0	8	11	6	8	229.82	0		17.177498
8	70	2	0	10	0	16	11	6	8	229.82	0		17.177498
8	71	2	0	11	6	0	11	6	8	229.82	0		17.177498
8	72	2	0	10	6	8	11	6	8	229.82	0		17.177498
8	63	1	0	0	18	23	10	6	3	62.92	0		4.402540
8	64	1	0	0	18	26	10	6	3	62.92	0		4.402540
8	65	1	0	10	6	16	10	6	3	62.92	0		4.402540
8	66	1	0	10	6	19	10	6	3	62.92	0		4.402540
8	67	1	0	10	6	22	10	6	3	62.92	0		4.402540
8	73	3	1	5	0	11	15	5	3	106.48	1		2.209744
12	112	2	0	11	12	0	11	6	8	229.82	0		17.177498
12	108	1	0	10	12	8	10	6	3	62.92	0		4.402540
12	109	1	0	10	12	11	10	6	3	62.92	0		4.402540
12	110	1	0	10	12	14	10	6	3	62.92	0		4.402540
12	111	1	0	10	12	17	10	6	3	62.92	0		4.402540
12	113	3	0	11	18	0	15	5	3	106.48	1		2.209744
12	114	3	0	11	18	3	15	5	3	106.48	1		2.209744
12	115	3	0	11	18	6	15	5	3	106.48	1		2.209744
6	46	2	0	10	12	20	11	6	8	229.82	0		17.177498
6	47	2	0	22	0	0	11	6	8	229.82	0		17.177498
6	48	2	0	21	0	8	11	6	8	229.82	0		17.177498
6	49	2	0	21	0	16	11	6	8	229.82	0		17.177498
6	43	1	0	10	0	24	10	6	3	62.92	0		4.402540
6	44	1	0	10	6	25	10	6	3	62.92	0		4.402540
6	45	1	0	10	0	27	10	6	3	62.92	0		4.402540
6	50	3	0	11	18	9	15	5	3	106.48	1		2.209744
6	51	3	0	11	18	12	15	5	3	106.48	1		2.209744
6	52	3	0	11	18	15	15	5	3	106.48	1		2.209744
14	131	2	0	22	6	0	11	6	8	229.82	0		17.177498
14	126	1	0	20	0	24	10	6	3	62.92	0		4.402540
14	127	1	0	20	0	27	10	6	3	62.92	0		4.402540
14	128	1	0	21	6	8	10	6	3	62.92	0		4.402540
14	129	1	0	21	6	11	10	6	3	62.92	0		4.402540
14	130	1	0	21	6	14	10	6	3	62.92	0		4.402540
14	132	3	0	10	18	18	15	5	3	106.48	1		2.209744
14	133	3	0	10	18	21	15	5	3	106.48	1		2.209744
14	134	3	0	10	18	24	15	5	3	106.48	1		2.209744


-------------------------------------------------------------------------------------------------------------------
Tour_Id:			4
No_of_Customers:		5
No_of_Items:			49
Customer_Sequence:		16 5 4 17 9 

CustId	Id	TypeId	Rotated	x	y	z	Length	Width	Height	mass	Fragility	LoadBearingStrength
9	74	1	0	0	0	0	10	6	3	62.92	0		4.402540
9	75	1	0	0	6	0	10	6	3	62.92	0		4.402540
9	76	1	0	0	12	0	10	6	3	62.92	0		4.402540
9	77	3	0	0	18	0	15	5	3	106.48	1		2.209744
9	78	3	1	0	0	3	15	5	3	106.48	1		2.209744
9	79	3	0	0	15	3	15	5	3	106.48	1		2.209744
9	80	3	1	0	0	6	15	5	3	106.48	1		2.209744
9	81	3	0	0	15	6	15	5	3	106.48	1		2.209744
17	164	2	1	5	0	3	11	6	8	229.82	0		17.177498
17	165	2	1	5	0	11	11	6	8	229.82	0		17.177498
17	159	1	1	5	0	19	10	6	3	62.92	0		4.402540
17	160	1	1	5	0	22	10	6	3	62.92	0		4.402540
17	161	1	1	5	0	25	10	6	3	62.92	0		4.402540
17	162	1	0	10	0	0	10	6	3	62.92	0		4.402540
17	163	1	0	10	6	0	10	6	3	62.92	0		4.402540
17	166	3	1	0	0	9	15	5	3	106.48	1		2.209744
17	167	3	0	0	15	9	15	5	3	106.48	1		2.209744
4	29	2	0	11	0	3	11	6	8	229.82	0		17.177498
4	30	2	0	11	6	3	11	6	8	229.82	0		17.177498
4	31	2	0	11	0	11	11	6	8	229.82	0		17.177498
4	32	2	0	11	6	11	11	6	8	229.82	0		17.177498
4	33	2	0	11	0	19	11	6	8	229.82	0		17.177498
4	26	1	0	11	6	19	10	6	3	62.92	0		4.402540
4	27	1	0	11	6	22	10	6	3	62.92	0		4.402540
4	28	1	0	11	6	25	10	6	3	62.92	0		4.402540
4	34	3	0	0	15	12	15	5	3	106.48	1		2.209744
4	35	3	0	0	15	15	15	5	3	106.48	1		2.209744
5	37	2	0	15	12	0	11	6	8	229.82	0		17.177498
5	38	2	0	15	18	0	11	6	8	229.82	0		17.177498
5	39	2	0	15	12	8	11	6	8	229.82	0		17.177498
5	40	2	0	15	18	8	11	6	8	229.82	0		17.177498
5	41	2	0	15	12	16	11	6	8	229.82	0		17.177498
5	36	1	0	11	0	27	10	6	3	62.92	0		4.402540
5	42	3	0	0	15	18	15	5	3	106.48	1		2.209744
16	148	2	0	15	18	16	11	6	8	229.82	0		17.177498
16	149	2	0	22	0	0	11	6	8	229.82	0		17.177498
16	150	2	0	22	6	0	11	6	8	229.82	0		17.177498
16	151	2	0	22	0	8	11	6	8	229.82	0		17.177498
16	152	2	0	22	6	8	11	6	8	229.82	0		17.177498
16	153	2	0	22	0	16	11	6	8	229.82	0		17.177498
16	154	2	0	22	6	16	11	6	8	229.82	0		17.177498
16	144	1	0	15	12	24	10	6	3	62.92	0		4.402540
16	145	1	0	15	18	24	10	6	3	62.92	0		4.402540
16	146	1	0	15	12	27	10	6	3	62.92	0		4.402540
16	147	1	0	15	18	27	10	6	3	62.92	0		4.402540
16	155	3	1	25	0	24	15	5	3	106.48	1		2.209744
16	156	3	1	25	0	27	15	5	3	106.48	1		2.209744
16	157	3	0	26	12	0	15	5	3	106.48	1		2.209744
16	158	3	0	26	17	0	15	5	3	106.48	1		2.209744


